38673316
0
0
0
6567587
4820234896
4043037719
711217
0
0
1271190
0
1271190
38673316
418559
8055128
5168862796
3938932309
333938877
4043130100
4100274288
257335555
1270372
0
1270372
0
1270372
5
0
1275448
854208739
1338899
766857119
351662225
0
4802905544
0
4802905544
0
4802905544
17504087
904514
1271876
0
1271876
0
1271876
797771669
0
797771669
0
797771669
0
797771669
903245
5
0
3583149260
3583149260
336074027
1149939272
2851863
1436491838
793168500
1436387371
682460
708500956
4802885186
0
4802885186
0
4802885186
1269058
4802885186
4477658298
4477658298
317304510
5
0
4820136827
99076668
2607333718
976809
7
0
7
3202745362
5
0
2054997619
0
2054997619
0
2054997619
0
2054997619
0
2054997619
0
2054997619
317808376
0
431053017
1343240
2850451
4357859458
717255
765604
38646839
976809
681481977
317808376
1426644522
0
1426644522
0
1426644522
5
0
5
0
4802484114
0
4802484114
0
4802484114
4802484114
305387623
0
305387623
0
305387623
0
305387623
5069302039
0
5069302039
3829186
0
3829186
0
3829186
6566382
351622935
3583723625
6565347
1275448
0
1271783
5
0
5
0
4819984634
0
4819984634
0
4819984634
0
904978
4022989355
3231154757
317341528
38686564
381133
336021528
0
336021528
0
336021528
0
336021528
38745633
0
38745633
0
38745633
4802042730
0
4819984634
4819984634
0
4802479866
0
3349074896
294983444
1094546
5
0
4874102959
0
38685424
0
38685424
0
38685424
0
38685424
295001041
0
295001041
0
295001041
1340515
4820234896
2507381619
665523726
371617923
38124130
336071717
4820239047
4820239047
30789302
0
30789302
0
30789302
1332302
0
1332302
711247
257406760
317468392
4874102959
2055485967
0
2055485967
0
2055485967
0
2055485967
4486038531
274862940
0
274862940
0
274862940
0
274862940
0
274862940
38656095
0
38656095
6639225
31078997
2852021
216881134
1094236
0
1094236
682801
0
1391219656
0
2110696959
6566743
201595472
1274298
4486038531
32062238
0
32062238
0
32062238
0
32062238
257351345
336062105
1391219656
634703
0
4302684846
0
4302684846
0
4302684846
463440447
0
16909011
0
16909011
0
16909011
3383067123
336062105
2055631589
1271735
708496208
257351345
4478549581
3231862370
3383067123
2441406994
463440447
0
4819984634
0
4819984634
0
4478549581
227323297
2207100783
0
2207100783
0
2207100783
0
2207100783
3351473350
2207100783
4246545035
0
0
257406178
38737050
0
0
0
0
0
0
0
0
0
0
5
0
5
0
317330969
336035840
1271358
207834076
573595422
485241
4361029809
6566559
295000406
0
0
0
0
0
0
0
0
0
0
0
0
0
0
0
0
0
0
0
0
0
0
0
0
0
0
0
0
0
0
0
0
0
0
0
0
0
0
0
0
0
0
0
0
0
0
0
0
0
0
0
0
0
0
0
0
0
0
0
0
0
0
0
0
0
0
0
0
0
0
0
0
0
0
0
0
0
0
0
0
0
0
0
0
0
0
0
0
0
0
0
0
0
0
0
0
0
0
0
0
0
418559
38673316
5351430507
5116299323
17504596
38732454
31078997
554338230
1332342
336035840
257405090
38686505
336035840
0
0
3230899591
974254
208019205
56895651
6608797
711355
4802479771
294862247
400468846
38676904
4469221424
3996029554
1302497
3215724643
1510877026
4820288180
660405
567917
907123
2707265924
665484
4802140024
487295
1093855
1270278
4820854636
30790399
4302174857
6568015
4304177436
228738982
284787048
3207817516
280043712
3230890260
400424036
6568417
1429210828
642353262
4303333558
4820428784
7780786
284800619
257410070
3593837692
854234292
2113205802
4239714799
991358645
2260121343
672217
2595183881
5771534
257498566
789120385
4217339556
1436368677
308118179
1320018
1302489
363694326
1464042314
979141
789537090
2898827087
326064577
332416743
478267505
38660232
4083385550
1331904
6648741
61712248
906387
587047536
1338880
2113621362
6563873
1341724
294763364
4519193320
603126
4469949093
336038551
294823268
84847796
227436300
6568154
1760950962
38644183
1227569792
711417
5496712449
4302750509
6567457
6565312
4304947366
7195344
4302223220
317471772
336025729
564465365
2441406994
3938677536
5
0
82756233
0
3437368011
564465365
0
0
0
0
0
0
0
0
0
0
0
0
0
0
0
0
0
0
0
0
0
0
0
0
0
0
0
0
0
0
0
0
0
0
0
0
0
0
0
0
0
0
0
0
0
0
0
0
0
0
0
0
0
0
0
0
0
0
0
0
0
0
0
0
0
0
0
0
0
0
0
0
0
0
0
0
0
0
0
0
0
0
0
0
0
0
0
0
0
0
0
0
0
0
0
0
0
0
0
0
0
0
0
0
0
0
0
0
0
0
0
317302984
85353085
3060413173
0
10023067
3720148066
1672921
38707776
4819984634
0
4819984634
4819984634
4819984634
4819984634
3437368011
4819984634
4820310542
5
0
38728361
5788685
5
0
1697534
4819984634
85353085
3060413173
3060413173
2441406994
3938677536
32056197
2893790008
1270415
3299641544
3231094147
38668566
294964090
3233509240
336038976
2851664
5140462621
3915101447
1270769
430395110
294894047
2110999309
6657827
1272613
1094830
662368
1436808073
30789450
4304783715
4820106260
4820216965
5015887240
318351030
605282839
284754569
6640632
3463939774
75
431081448
4302686426
4820074688
4820241801
280018658
336023613
2854245516
1272652
6565004
8055080
317477815
4303174388
711831
704557066
38644183
2898827087
4304126054
711671
7777953
1331994
1269715
4874102959
711417
155320113
431086627
902887
84900328
5781536
1436529583
4820152618
6566739
97983610
449615529
4820310542
905626
1841563
4820095525
410834443
8055072
3384221402
1275580
4304149592
284787048
294888572
5781237
1464042314
30788774
602982
17627159
351627512
5780332
400494755
288943705
4802864522
486699
1323195
294772044
418589
6566560
4817689282
711085
17503805
3231154757
82756233
1651027282
567596
418547
30789500
564444462
4427332803
711999
37404275
38719171
216969439
711419
5796666
5
0
5
0
359920785
226119837
317477856
5
0
309364175
61724549
6566701
63676345
410834443
2787427803
711804
359920785
711635
37404275
4820226557
317484356
0
317484356
0
63676345
63676345
63676345
410834443
351642813
1340448
4802889220
708500956
4820226557
337872643
337872643
6568416
0
226032480
0
4134004776
16915969
351617797
257338189
4134548718
6568416
5793545
257338189
4135362335
6595383
3870858
4820211120
699827773
3363044368
2497564769
2596498917
3181246017
35577445
711841

